1 92.9773280620575
2 83.17787504196167
3 61.694514989852905
4 63.13811898231506
1 89.36697816848755
2 117.84620332717896
3 62.79052209854126
4 68.73306894302368
1 97.02081799507141
2 107.33017182350159
3 79.06540513038635
4 76.8945460319519
1 91.84964895248413
2 105.13641405105591
3 76.05660223960876
4 74.6998143196106
1 96.11579012870789
2 102.510901927948
3 62.45731496810913
4 65.38758873939514
1 91.95099973678589
2 83.91071200370789
3 66.36516499519348
4 65.84693121910095
1 92.75020098686218
2 85.9214551448822
3 1043.226641178131
4 60.99289584159851
1 92.75020098686218
2 88.8855950832367
3 63.76822113990784
4 61.38409399986267
1 79.4883759021759
2 87.98256325721741
3 63.17640495300293
4 61.33860898017883
1 80.2953610420227
2 88.71271204948425
3 62.270209074020386
4 60.74098801612854
1 61.4111580848694
2 87.93178200721741
3 64.23613476753235
4 61.76473903656
1 80.33533811569214
2 88.50304412841797
3 63.279484272003174
4 61.20701479911804
1 80.85809111595154
2 87.6194999217987
3 64.12133193016052
4 61.269391775131226
1 79.87194800376892
2 88.97280216217041
3 63.1617968082428
4 60.23230791091919
1 80.8931219577789
2 87.8138329982758
3 64.34568905830383
4 59.66469192504883
1 79.41057801246643
2 87.36345982551575
3 68.3713409900665
4 60.35138010978699
1 89.7813999652863
2 87.75929284095764
3 62.671226024627686
4 60.33480191230774
1 89.7119998931885
2 92.6620349884033
3 63.8044216632843
4 57.0438070297241
1 79.76034688949585
2 87.63880681991577
3 63.80665397644043
4 62.7379279136658
1 80.25325608253479
2 107.967605829239
3 64.02570915222168
4 83.8978569507599
1 79.86393713951111
2 93.2869498729706
3 77.05441904068
4 69.2461829185486
1 80.5389819145203
2 88.21173691749573
3 63.778146743774414
4 60.386852979660034
1 80.3469052314758
2 110.989049911499
3 65.17268085479736
4 58.55649995803833
1 81.7885901927948
2 106.0711388587952
3 64.31743812561035
4 60.68251395225525
1 103.5164160728455
2 89.02876591682434
3 64.01694416999817
4 59.57701086997986
1 121.6544079780579
2 87.95751571655273
3 63.246832847595215
4 62.7723021507263
1 81.81900024414062
2 89.3695559501648
3 64.84476900100708
4 62.358234167099
1 104.1429250240326
2 87.99704909324646
3 63.11506009101868
4 60.06670689582825
1 80.74691104888916
2 94.5090458393097
3 64.86994099617004
4 60.75367498397827
1 81.0816330909729
2 88.90977478027344
3 62.65219497680664
4 60.45288801193237
1 81.47749400138855
2 87.46953105926514
3 64.27874302864075
4 61.091870069503784
1 81.1533432006836
2 88.32225322723389
3 64.0947060585022
4 60.01100492477417
1 81.22141599655151
2 87.81836986541748
3 62.63953995704651
4 60.2463641166687
1 80.95080924034119
2 87.6356201171875
3 62.515408992767334
4 59.84650707244873
1 79.55258798599243
2 88.24134087562561
3 63.36077690124512
4 60.2298948764801
1 80.50610899925232
2 88.25380182266235
3 63.86447620391846
4 60.01849913597107
1 81.16438102722168
2 87.1055178642273
3 62.976938009262085
4 61.283989906311035
1 80.80433392524719
2 86.85927867889404
3 63.99148106575012
4 61.24196100234985
1 81.08068084716797
2 88.72855997085571
3 62.77720284461975
4 59.89721894264221
1 80.6200180053711
2 87.827800989151
3 63.42625117301941
4 59.636406898498535
1 80.36039280891418
2 87.93029618263245
3 64.72818684577942
4 60.89054012298584
1 78.88041996955872
2 89.17926597595215
3 63.783124923706055
4 61.05071711540222
1 82.8237359523773
2 88.01353788375854
3 64.6373610496521
4 61.057238817214966
1 81.49252891540527
2 88.06945610046387
3 63.21606397628784
4 61.40598773956299
1 81.4036648273468
2 88.51985597610474
3 64.79714608192444
4 61.61883997917175
1 79.53795266151428
2 88.18495273590088
3 63.93176198005676
4 62.07380700111389
1 80.94421935081482
2 88.78493189811707
3 63.16785502433777
4 61.747175216674805
1 79.55344605445862
2 87.71821475028992
3 64.03968596458435
4 60.97653388977051
1 82.42715001106262
2 87.12695384025574
3 64.01207494735718
4 60.04664182662964
1 80.48062801361084
2 87.76218318939209
3 63.63519310951233
4 59.47119188308716
1 103.1972270011902
2 87.37280702590942
3 63.19079303741455
4 59.41468906402588
1 80.30417585372925
2 86.52604794502258
3 63.74443793296814
4 60.566871881484985
1 80.19886493682861
2 86.63264489173889
3 64.48282170295715
4 59.81062889099121
1 80.26904582977295
2 86.40126776695251
3 72.6423261165619
4 54.8473148345947
1 79.92212390899658
2 88.08438897132874
3 88.7716400623322
4 65.120424747467
1 79.81204104423523
2 103.3596107959747
3 63.874566078186035
4 60.8133628368378
1 79.46855926513672
2 107.2112770080566
3 70.1359422206879
4 59.94412922859192
1 112.568775177002
2 88.83050298690796
3 63.38389611244202
4 60.28271794319153
1 80.23479223251343
2 87.88921403884888
3 63.00660419464111
4 61.57801294326782
1 79.730966091156
2 88.48767495155334
3 61.28847622871399
4 82.0593540668488
1 139.4598910808563
2 88.07245779037476
3 62.61635994911194
4 59.199697971343994
1 96.8320879936218
2 80.0608279705048
3 64.34260392189026
4 59.8761830329895
1 78.35383296012878
2 87.358229637146
3 64.409875869751
4 61.78577709197998
1 99.6482901573181
2 87.62125992774963
3 63.601962089538574
4 58.8003098964691
1 79.66416692733765
2 101.8169138431549
3 64.42652606964111
4 60.48028588294983
1 107.475751876831
2 102.6763808727264
3 64.3649320602417
4 68.8458108901978
1 108.9077961444855
2 87.31205892562866
3 65.1824357509613
4 60.438339948654175
1 101.611406803131
2 87.51854205131531
3 73.0000519752502
4 61.811187982559204
1 101.1396560668945
2 93.8446829319
3 79.135163784027
4 63.97410774230957
1 80.71189308166504
2 91.0914931297302
3 100.59210681915283
4 96.90562319755554
1 120.63904190063477
2 132.12940120697021
3 98.05833101272583
4 98.25098085403442
1 118.8880181312561
2 137.72505402565002
3 96.81783866882324
4 99.72939705848694
1 121.55571222305298
2 124.00813221931458
3 97.45220875740051
4 99.90932512283325
1 122.65466332435608
2 134.4236719608307
3 102.66118288040161
4 103.7468957901001
1 124.84104299545288
2 135.07429194450378
3 100.32208800315857
4 99.67534494400024
1 117.34294295310974
2 140.06774401664734
3 102.69292283058167
4 98.37952995300293
1 120.14186525344849
2 113.28728604316711
3 67.40754103660583
4 72.52701592445374
1 111.74733114242554
2 108.00526595115662
3 101.8177399635315
4 141.8833179473877
1 152.18794918060303
2 91.39896607398987
3 122.4860188961029
4 73.87635493278503
1 92.62867903709412
2 103.29522204399109
3 75.36800718307495
4 72.42563080787659
1 100.69849586486816
2 108.82424187660217
3 71.88951301574707
4 69.6563868522644
1 110.16463994979858
2 122.39312624931335
3 80.95686602592468
4 84.82146310806274
1 107.06229877471924
2 88.51610016822815
3 63.01619911193848
4 62.588066816329956
1 90.08357524871826
2 88.48715496063232
3 60.8814001083374
4 62.37675404548645
1 90.36531805992126
2 89.32837986946106
3 62.862359046936035
4 61.10249304771423
1 87.84605622291565
2 100.00025916099548
3 84.30389618873596
4 79.29780006408691
1 100.14709901809692
2 112.16676568984985
3 76.73152685165405
4 68.27152800559998
1 100.22574210166931
2 116.11726069450378
3 75.40027070045471
4 73.69022297859192
1 96.37220406532288
2 120.02476692199707
3 75.9041748046875
4 73.96508383750916
1 99.59948205947876
2 124.30197978019714
3 70.796954870224
4 58.3581440448761
1 89.66536784172058
2 122.45535683631897
3 81.94754028320312
4 83.69784808158875
1 107.18780016899109
2 122.84024691581726
3 84.24949598312378
4 80.85675382614136
1 106.48516583442688
2 121.29553818702698
3 83.39431500434875
4 84.90939593315125
1 106.93515515327454
2 86.66411209106445
3 60.21752190589905
4 60.060368061065674
1 84.4334659576416
2 89.04061198234558
3 61.50842618942261
4 59.2089741230011
1 85.9688651561737
2 101.84357786178589
3 76.49604797363281
4 77.84676885604858
1 94.71922707557678
2 122.96416878700256
3 75.83666610717773
4 72.6962411403656
1 213.42735290527344
2 105.35669088363647
3 79.74134016036987
4 85.76767611503601
1 120.39697194099426
2 110.75400590896606
3 74.27761173248291
4 68.31325793266296
1 86.64513802528381
2 90.361083984375
3 65.68305325508118
4 68.35219383239746